NLL: 0.2409133585774125
CE: 0.06711409395973154