NLL: 0.28921881404765765
CE: 0.06711409395973154