NLL: 0.39361025236395875
CE: 0.10041487400122925